0.050981 72
1.473064 49
2.069420 2
0.466416 17
2.223106 2
0.440696 2
0.013937 211
0.000151 2
0.041543 2
0.018483 173
0.001141 2
1.563851 33
0.179244 33
0.049403 2
0.000177 190
0.000035 2
3.864587 1181
2.933996 33
0.034167 2
0.014035 197
0.727705 20
0.000372 2
0.008265 11
0.023776 2
0.001235 188
0.000040 2
0.092099 26
0.000582 2
0.012991 11
0.012223 2
0.014173 195
0.001477 2
0.516878 444
0.000620 177
0.000182 163
0.000102 152
0.000062 2
0.117384 72
9.586772 30
0.645927 2
1.225363 1122
0.087292 34
0.000086 2
0.000064 137
0.000031 2
0.000407 70
0.000040 2
0.002651 70
0.000052 2
0.000104 67
0.000028 2
0.000083 74
0.000028 2
0.000080 75
0.000029 2
0.000079 80
0.000029 2
0.000079 75
0.000028 2
0.000079 76
0.000029 2
0.000110 76
0.007742 2
0.000057 76
0.000025 2
0.000023 80
0.000023 2
0.000023 93
0.000023 2
0.000328 11
0.127612 72
7.142027 36
0.453699 2
1.190079 536
0.087530 536
0.119314 72
8.189013 57
0.270230 2
3.042087 29
0.000698 2
0.011324 33
0.001069 2
0.006257 35
0.004518 2
0.002080 17
0.000056 2
0.000115 31
0.000028 2
0.000077 12
0.000027 2
0.000075 11
0.164590 29
0.000502 2
0.004894 149
0.127449 72
6.467386 28
0.310603 2
1.072301 29
0.004104 2
0.006871 32
0.000243 2
0.005747 29
0.000063 2
0.000117 12
0.000029 2
0.000078 11
0.062708 29
0.000418 2
0.008237 32
0.000077 2
0.000151 29
0.000039 2
0.000141 12
0.000039 2
0.000102 11
0.113665 72
6.694197 37
0.278487 2
3.462059 29
0.000238 2
0.002077 33
0.000113 2
0.000207 35
0.000078 2
0.000137 17
0.000090 2
0.000111 47
0.000049 2
0.000107 38
0.000073 2
0.000109 31
0.000048 2
0.000152 12
0.000048 2
0.000172 11
0.242624 29
0.000092 2
0.000126 33
0.000031 2
0.000079 35
0.000028 2
0.000073 17
0.000027 2
0.000073 47
0.000027 2
0.000133 38
0.000036 2
0.000080 31
0.000028 2
0.000072 12
0.000027 2
0.000073 11
0.113193 72
5.643402 38
0.286321 2
3.750763 269
0.004050 269
0.117283 72
2.481363 50
0.310263 2
2.004235 29
0.000184 2
0.001475 33
0.001096 2
0.001288 48
0.000211 2
0.000216 17
0.000049 2
0.000183 31
0.000089 2
0.001439 12
0.000069 2
0.000162 11
0.120645 193
0.094950 72
6.669400 1
0.055996 1
0.167895 1
0.152200 1
0.736097 6
0.000127 2
